2020-06-06 00:00:00	9616.17	9744.39	9525.76	9669.85	4047.27	38944240.62	9622.35
2020-06-07 00:00:00	9673.08	9829.31	9356	9750.04	6762.65	64865372.78	9591.71
2020-06-08 00:00:00	9759.04	9813.67	9645	9783	5379.08	52321749.26	9726.9
2020-06-09 00:00:00	9786.64	9897.46	9566.81	9776.84	6922.8	67296776.41	9721.04
2020-06-10 00:00:00	9782.3	10011.4	9578	9894.32	7107.2	69805944.46	9821.86
2020-06-11 00:00:00	9894.32	9981.24	9078.91	9264.26	16389.44	156090301.99	9523.83
2020-06-12 00:00:00	9265.95	9555	9230	9463.07	6934.14	65258966.27	9411.26
2020-06-13 00:00:00	9465.92	9500	9345.71	9473.46	2938.68	27705239.61	9427.78
2020-06-14 00:00:00	9478.93	9479.59	9235.01	9329.99	3477.25	32581551.05	9369.91
2020-06-15 00:00:00	9329.99	9505.4	8900	9435.15	11765.11	108092261.86	9187.52
2020-06-16 00:00:00	9435.41	9596.31	9374.9	9530.3	6864.22	65155250.36	9492.01
2020-06-17 00:00:00	9530.62	9566.53	9230.32	9461.29	5902.37	55634030.64	9425.72
2020-06-18 00:00:00	9459.82	9478.69	9250	9374.78	3997.01	37553641.92	9395.43
2020-06-19 00:00:00	9374.83	9429.99	9225.15	9304.32	5305.91	49452467.2	9320.27
2020-06-20 00:00:00	9287.6	9400	9138	9355.46	3071.79	28573341.43	9301.84
2020-06-21 00:00:00	9355.93	9421.26	9271.52	9283.03	1435.21	13411174.02	9344.39
2020-06-22 00:00:00	9287.89	9798.76	9267.2	9683.12	6615.65	63078286.44	9534.71
2020-06-23 00:00:00	9688.26	9725.3	9571	9622.81	4866.11	46909443.28	9640.02
2020-06-24 00:00:00	9617.88	9666.35	9193.99	9286.06	10072.58	94516911.2	9383.59
2020-06-25 00:00:00	9286.3	9343.49	8989	9239.48	8701.25	80007371.47	9194.93
2020-06-26 00:00:00	9237.98	9289.71	9024.61	9158.26	7912.38	72394589.37	9149.53
2020-06-27 00:00:00	9158.13	9189	8830.63	9009.3	4399.68	39682291.38	9019.37
2020-06-28 00:00:00	9008.33	9191.72	8933.06	9118.01	3231.86	29337702.62	9077.66
2020-06-29 00:00:00	9118.8	9240.36	9014.92	9188.88	4942.73	45004912.08	9105.28
2020-06-30 00:00:00	9187.85	9201.95	9060	9132.96	2781.63	25424763.41	9140.24
2020-07-01 00:00:00	9136.89	9300	9089.8	9233.38	4321.57	39791807.48	9207.73
2020-07-02 00:00:00	9230.97	9268.54	8939	9092.92	6866.05	62528364.8	9106.89
2020-07-03 00:00:00	9091.68	9127.11	9027.17	9063.08	3510	31905807.44	9089.96
2020-07-04 00:00:00	9053.87	9196	9045.94	9138.52	2180.37	19850822.9	9104.33
2020-07-05 00:00:00	9142.16	9147.37	8905	9076.82	3067.88	27761771.27	9049.18
2020-07-06 00:00:00	9077.18	9376.34	9060.5	9348.22	5361.35	49559304.52	9243.81
2020-07-07 00:00:00	9346.9	9385.81	9201.78	9257.16	4702.83	43560405.95	9262.6
2020-07-08 00:00:00	9257.21	9479.57	9228.91	9437.16	6275.55	58669357.69	9348.88
2020-07-09 00:00:00	9441.76	9448.5	9157.11	9234.9	4575.45	42541096.4	9297.69
2020-07-10 00:00:00	9234.91	9318.92	9053.14	9283.53	3910.33	35920454.04	9186.05
2020-07-11 00:00:00	9291	9304.95	9180	9238.3	1453.17	13418262.17	9233.82
2020-07-12 00:00:00	9234.07	9347.76	9153.48	9306.17	2037.15	18855332.75	9255.72
2020-07-13 00:00:00	9304.94	9351.17	9190.49	9233.1	3875.17	35960270.75	9279.66
2020-07-14 00:00:00	9234.19	9282.08	9095	9251.59	4479.91	41285831.29	9215.77
2020-07-15 00:00:00	9256.33	9276.98	9153.38	9190.07	3810.05	35100830.99	9212.7
2020-07-16 00:00:00	9191	9217.5	9026.51	9132.87	5541.85	50474457.26	9107.87
2020-07-17 00:00:00	9134.44	9184.28	9073.53	9156.5	3593.5	32814246.99	9131.56
2020-07-18 00:00:00	9150.51	9214.63	9122.72	9177.43	1358.29	12449177.45	9165.36
2020-07-19 00:00:00	9175.7	9243.36	9106.3	9211.99	1585.4	14518309.98	9157.51
2020-07-20 00:00:00	9213.15	9224.73	9128.21	9162.43	3064.81	28118444.21	9174.62
2020-07-21 00:00:00	9161.77	9442.89	9152.23	9391.25	5559.47	51926108.51	9340.11
2020-07-22 00:00:00	9395.98	9573	9280.8	9539.51	5520.76	51836755.69	9389.42
2020-07-23 00:00:00	9537.23	9690	9453.38	9617.2	10413.94	99406145.74	9545.49
2020-07-24 00:00:00	9614.85	9650.55	9474.35	9547.91	8012.91	76622832.6	9562.43
2020-07-25 00:00:00	9549.34	9751.82	9532.79	9710.98	5065.45	48814031.53	9636.66
2020-07-26 00:00:00	9712.45	10200	9657	9944.65	9090.21	90135501.79	9915.66
2020-07-27 00:00:00	9941.25	11417.11	9933.77	11046.19	27736.83	292753089.6	10554.67
2020-07-28 00:00:00	11049.4	11263.85	10583.48	10939.27	17062.37	187091285.1	10965.14
2020-07-29 00:00:00	10931.91	11358.47	10855.81	11111.17	12452.86	138589548.02	11129.13
2020-07-30 00:00:00	11105.01	11189	10832	11112.12	10456.85	115275100.38	11023.89
2020-07-31 00:00:00	11110.84	11457.95	10973.8	11356.74	10417.51	117100831.15	11240.77
2020-08-01 00:00:00	11357.98	11883.36	11228	11817.49	11195.81	130224577.62	11631.55
2020-08-02 00:00:00	11808.21	12100	10559.59	11071.66	12656.41	142785762.42	11281.69
2020-08-03 00:00:00	11074.92	11480	10933.26	11236.39	6984.67	78813104.71	11283.73
2020-08-04 00:00:00	11236.39	11420	11000.79	11104.57	3440.1	38597451.73	11219.87
